0.1
0.0398
0.4602
0.2
0.0793
0.4207
0.3
0.1179
0.3821
0.4
0.1554
0.3446
0.5
0.1915
0.3085
0.6
0.2257
0.2743
0.7
0.258
0.242
0.8
0.2881
0.2119
0.9
0.3159
0.1841
1
0.3413
0.1587
1.1
0.3643
0.1357
1.2
0.3849
0.1151
1.3
0.4032
0.0968
1.4
0.4192
0.0808
1.5
0.4332
0.0668
1.6
0.4452
0.0548
1.7
0.4554
0.0446
1.8
0.4641
0.0359
1.9
0.4713
0.0287
2
0.4772
0.0228
2.1
0.4821
0.0179
2.2
0.4861
0.0139
2.3
0.4893
0.0107
2.4
0.4918
0.0082
2.5
0.4838
0.0062
2.6
0.4953
0.0047
2.7
0.4965
0.0035
2.8
0.4974
0.0026
2.9
0.4981
0.0019
3
0.4987
0.0013
3.1
0.499
0.001
3.2
0.4993
0.0007
3.3
0.4995
0.0005
3.4
0.4997
0.0003
3.5
0.4998
0.0002
3.6
0.4998
0.0002
